04002500
04002538
04002539
04002540
04002638
04003000
04003038
04003039
04003040
04003239
04003300
04003338
04003339
04003340
04003400
04003438
04003439
04003440
04003500
04003538
04003539
04003540
04003600
04003638
04003640
04230000
04230038
04230039
04230040
11002500
11002738
11002740
11002900
11002938
11002939
11002940
11003000
11003040
11003100
11003138
11003139
11003140
11003200
11003238
11003239
11003240
11003300
11003338
11003339
11003340
11003438
11003439
11003440
11003500
11003538
11003540
11003600
11003638
11003640
11230000
11230038
11230039
11230040
11232500
11232538
11232540
11232638
11232639
11232640
11232938
11232940
11233000
11233038
11233039
11233040
11233300
11233338
11233339
11233340
11233400
11233438
11233439
11233440
11233500
11233538
11233539
11233540
11233600
11233638
11233639
11233640