07002538
07002539
07002540
07002740
07002741
07003039
07003040
07003100
07003138
07003139
07003140
07003338
07003339
07003340
07003440
07003538
07003638
07220038
07220039
07220040
07222800
07222840
07223200
07223238
07223239
07223240
07223338
07223339
07223340
07223538
07223540
07223541
07230038
07230039
07230040
07240039
08002500
08002538
08002539
08002540
08002541
08002740
08002741
08002938
08002940
08003000
08003038
08003039
08003040
08003100
08003138
08003139
08003140
08003238
08003239
08003240
08003338
08003339
08003340
08003500
08003538
08003539
08003540
08003638
08003639
08003640
08220000
08220038
08220039
08220040
08222800
08222839
08222840
08223100
08223138
08223139
08223140
08223200
08223238
08223239
08223240
08223338
08223339
08223340
08223438
08223439
08223440
08223538
08223539
08223540
08223600
08223638
08223639
08223640
08230000
08230038
08230039
08230040
08232600
08232638
08232639
08232640
08232641
08233338
08233339
08233340
08233638
08233639