08002500
08002538
08002539
08002540
08002541
08002740
08002741
08002938
08002940
08003000
08003038
08003039
08003040
08003100
08003138
08003139
08003140
08003238
08003239
08003240
08003338
08003339
08003340
08003500
08003538
08003539
08003540
08003638
08003639
08003640
08220000
08220038
08220039
08220040
08222800
08222839
08222840
08223100
08223138
08223139
08223140
08223200
08223238
08223239
08223240
08223338
08223339
08223340
08223438
08223439
08223440
08223538
08223539
08223540
08223600
08223638
08223639
08223640
08230000
08230038
08230039
08230040
08232600
08232638
08232639
08232640
08232641
08233338
08233339
08233340
08233638
08233639
18002739
18002740
18003138
18003139
18003140
18003238
18003240
18003338
18003339
18003438
18003439
18003440
18003538
18003539
18003540
18003600
18003638
18230038
18230039
18230040
18232640
18233039
18233040
18233339
18233440
18233638
18233639