15000000
15000038
15000039
15000040
15002500
15002538
15002539
15002540
15002700
15002738
15002739
15002740
15002741
15002900
15002938
15002939
15002940
15003100
15003138
15003139
15003140
15003200
15003238
15003239
15003240
15003300
15003339
15003340
15003400
15003439
15003440
15003500
15003539
15003540
15003600
15003639
15003640
15230000
15230038
15230039
15230040
15232500
15232539
15232600
15232638
15232939
15232940
15233000
15233040
15233300
15233339
15233340
15233400
15233439
15233500
15233540
15233600
15233639
15233640
19000000
19000039
19000040
19000041
19002500
19002538
19002738
19002740
19002900
19002939
19002940
19003038
19003100
19003138
19003139
19003140
19003200
19003239
19003240
19003300
19003338
19003339
19003340
19003439
19003500
19003540
19003600
19003640
19230000
19230038
19230039
19232638
19232639
19232640
19233039
19233040
19233300
19233340
19233400
19233440
19233600
19233639
19233640