16000000
16000038
16000039
16000040
16002500
16002538
16002540
16002700
16002739
16002740
16002900
16002938
16003100
16003138
16003139
16003200
16003238
16003239
16003240
16003300
16003338
16003339
16003340
16003400
16003438
16003439
16003440
16003500
16003538
16003539
16003540
16003600
16003638
16003639
16003640
16230000
16230038
16230039
16230040
16232600
16232640
16232939
16232940
16233000
16233038
16233300
16233338
16233339
16233340
16233400
16233438
16233439
16233500
16233538
16233539
16233540
16233600
16233638
16233639
20000000
20000038
20000039
20000040
20002500
20002740
20002900
20002938
20002939
20002940
20003100
20003138
20003139
20003240
20003300
20003338
20003339
20003340
20003400
20003438
20003500
20003538
20003600
20003638
20003640
20230000
20230038
20230040
20232600
20232638
20232640
20233000
20233039
20233040
20233300
20233340
20233400
20233438
20233439
20233440
20233600
20233638