17000000
17000038
17000039
17000040
17002500
17002538
17002539
17002540
17002700
17002738
17002739
17002740
17002900
17002939
17002940
17003038
17003100
17003138
17003139
17003140
17003200
17003238
17003239
17003240
17003300
17003339
17003340
17003400
17003438
17003439
17003440
17003500
17003539
17003540
17003600
17003638
17003639
17003640
17230000
17230038
17230039
17230040
17232500
17232539
17232600
17232640
17232900
17232939
17232940
17233039
17233040
17233300
17233340
17233439
17233440
17233500
17233539
21000000
21000039
21000040
21002500
21002539
21002540
21002740
21002900
21002940
21003100
21003139
21003140
21003200
21003239
21003240
21003300
21003339
21003340
21003400
21003500
21003539
21003540
21003600
21230000
21230038
21230040
21232600
21232639
21233000
21233038
21233039
21233040
21233300
21233340
21233400
21233439
21233600
21233639
21233640