07220038
07220039
07220040
12220038
12220039
12220040
12222800
12222838
12222839
12222840
12223300
12223339
12223340
12223400
12223439
12223440
12223600
12223640
13220038
13220039
13220040
13222800
13222838
13222839
13222840
13223300
13223338
13223339
13223340
13223400
13223438
13223439
13223440
14220038
14220039
14220040
14222800
14222838
14222839
14222840
14223300
14223338
14223339
14223340
14223400
14223440
00222800
00222838
00222839
00222840
00223300
00223338
00223339
00223340
00223400
00223438
00223439
00223440
07240039
12240000
12240038
12240039
12240040
12242800
12242838
12242840
12243300
12243339
12243340
12243400
12243440
12243639
13240000
13240038
13240039
13240040
13242800
13242838
13242840
13243300
13243338
13243339
13243340
13243438
14240000
14240038
14240039
14240040
14242800
14242838
14242839
14242840
14243300
14243338
14243339
14243340
14243400
14243438
14243440
00242800
00242840
00243300
00243338
00243339
00243340
00243400
00243438
00243439
00243440