01002600
01002638
01002639
01002640
02002600
02002638
02002639
02002640
03002600
03002638
03002639
03002640
04002638
04002639
05232600
05232638
05232639
05232640
06232600
06232638
06232639
06232640
08232600
08232638
08232639
08232640
09232600
09232638
09232639
09232640
10232640
11232638
11232639
11232640
15232600
15232638
16232600
16232640
17232600
17232640
18232640
19232638
19232639
19232640
20232600
20232638
20232640
21232600
21232639
00232600
00232639
00232640
00002600
00002638
03003238
03003239
03223240
04003239
05003200
05003239
05003240
05223200
06003200
06003238
06003240
07223200
07223238
07223239
08003238
08003239
08003240
08223200
08223238
08223239
08223240
09003200
09003239
09003240
10003200
10003239
10003240
11003238
11003239
11003240
12223200
12223239
12223240
13223200
13223238
13223239 
14223200
14223239
14223240
15003200
15003238
15003239
15003240
16003200
16003238
16003239
16003240
17003200
17003238
17003239
17003240
18003238
18003240
19003200
19003239
19003240
20003240
21003200
21003239
21003240
00223200
00223238
00223239
00223240
00003200
00003239
00003240