01222800
01222838
01222839
01222840
02222800
02222839
03222800
03222840
05222800
05222838
06222800
06222839
06222840
07222800
07222840
08222800
08222839
08222840
12222800
12222838
12222839
12222840
12242800
12242838
12242840
13222800
13222838
13222839
13222840
13242800
13242838
13242840
14222800
14222838
14222839
14222840
14242800
14242838
14242839
14242840
00222800
00222838
00222839
00222840
00242800
00242840
01003000
01003039	
01003040
02003000
02003038
02003040
03003038
03003039
03003040
04003000
04003038
04003039
04003040
05003039
05233000
05233040
06233000
06233038
06233039
06233040
07003039
07003040
08003000
08003038
08003039
08003040
09003039
09233000
09233039
09233040
10233000
10233038
10233039
10233040
11003000
11003040
11233000
11233038
11233039
11233040
15233000
15233040
16233000
16233038
17003038
17233039
17233040
18233039
18233040
19003038
19233039
19233040
20233000
20233039
20233040
21233000
21233038
21233039
21233040
00233000
00233038
00233039
00233040