01003300
01003339	
01003340
02003300
02003338
02003340
03003338
03003339
03003340
04003300
04003338
04003339
04003340
05003300
05003339
05003340
06003300
06003338
06003339
06003340
07003338
07003339
07003340
08003338
08003339
08003340
09003300
09003339
09003340
09233300
09233339
09233340
10003300
10003339
10003340
10233300
10233339
11233300
11233338
11233339
11233340
15003300
15003339
15003340
15233300
15233339
15233340
16003300	
16003338
16003339
16003340
16233300
16233338
16233339
16233340
17003300
17003339
17003340
18003338
18003339
19003338
19003339
19003340
20003300
20003338
20003339
20003340
21003300
21003339
21003340
00233300
00233338
00233339
00233340
00003300
00003339
00003340
01003500
01003539
01003540
02003500
02003538
02003540
03003538
03003539
04003500
04003538
04003539
04003540
05003500
05003539
05003540
06003500
06003538
06003539
06003540
07003538
08003500
08003538
08003539
08003540
09003500
09003539
09003540
09233500
09233539
09233540
10003500
10003538
10003540
10233500
10233538
10233540
11233500
11233538
11233539
11233540
15003500
15003539
15003540
15233500
15233540
16003500
16003538
16003539
16003540
16233500
16233538
16233539
16233540
17003500
17003539
17003540
18003539
18003540
19003500
19003540
20003500
20003538
21003500
21003539
21003540
00233500
00233538
00233539
00233540
00003538
00003540