01223400
01223440
02003400
02003438
02223400
02223438
02223439
02223440
03223438
03223439
07003440
08223438
08223439
08223440
09003400
09003440
11003438
11003439
11003440
12223400
12223439
12223440
13223400
13223438
13223439
13223440
13243438
14223400
14223440
15003400
15003439
15003440
16003400
16003438
16003439
16003440
17003400
17003438
17003439
17003440
18003438
18003439
18003440
19003439
20003400
20003438
21003400
21233400
21233439
00003400
00003440
01223600
01223639
01223640
02003600
02003638
02003639
02003640
02223600
02223638
02223640
03223638
03223640
07003638
08223600
08223638
08223639
08223640
09003600
09003639
09003640
11003600
11003638
11003640
12223600
12223639
12223640
13223600
13223638
13223639
13223640
14223600
14223638
14223639
14223640
15003600
15003639
15003640
16003600
16003638
16003639
16003640
17003600	
17003638
17003639
17003640
18003600
18003638
19003600
19003640
20003600
20003638
20003640
21003600